X	Y
1527356.951	4198314.267
1922560.488	2029466.37
1816760.106	1639626.209
2162873.058	1310158.767
1853513.558	2342109.075
2784419.167	1213901.073
4178832.813	2406238.606
2072767.938	2431566.804
1833290.22	1729349.962
1594909.058	2045081.494
2152297.082	2345139.599
1980220.108	1333198.03
2223940.101	2273077.354
1879086.949	1518936.174
1976138.249	1333100.99
2406146.505	2416812.886
1816270.242	1639295.526
3155501.191	1274447.382
2076315.158	3554956.727
2067156.745	2361775.612
1904628.356	2359449.514
2030876.045	2270404.386
1619003.12	2225271.871
1975606.189	1335591.795
1977051.708	1335685.217
1861140.529	2185591.919
2141642.639	2313163.158
2138477.923	2457781.948
1580105.868	4261704.723
2995543.878	1814581.158
4159375.854	2383131.178
2058076.449	744849.0703
2736317.524	1545303.744
2452945.882	2024618.796
2003822.301	2306543.833
3642140.925	2087589.535
2365832.905	2977947.815
1836209.661	2550867.759
486155.1771	3397032.87
1594571.585	2045455.496
1064320.05	2737474.238
1772136.107	2242044.966
1922313.88	1590889.561
1833472.626	1731309.43
1964195.579	2685006.798
3369956.869	2126736.663
1768440.114	1476247.381
1755524.924	1435046.837
1976658.478	1335719.868
1977504.091	1333980.739
1043956.566	2586876.111
2277170.46	2533161.564
1422655.002	2462431.069
1833121.435	1730613.101
1753365.186	1434939.724
2140854.497	2388014.198
1976795.362	1335525.675
1594818.952	2045306.238
3234264.064	1160724.367
1915386.939	2355948.186
2305757.57	2238094.459
1595998.988	2045727.523
2799927.511	1236700.958
3175266.512	1514057.686
2256844.375	1319543.919
1527356.951	4198314.267
1838397.161	2549182.339
2775037.622	1320128.626
2409659.086	1259384.923
2612072.081	2202462.108
2380536.447	2287120.687
3589982.798	2097046.244
2181175.841	2498930.287
1745148.677	2385191.217
1781874.151	1565780.166
2037251.282	1670481.704
3196732.742	1324251.331
1671584.217	2078003.793
1976193.853	1334105.035
3700877.26	1787558.739
2115960.9	1239434.03
2296711.238	1689592.828
3767937.316	2340272.956
2132937.26	2367163.665
1816223.392	1639255.373
1922754.415	1590246.982
2465134.095	1985615.171
1064710.472	2737522.473
1595210.835	2046457.132
3706208.497	2121605.589
3417847.938	1202578.555
1668943.423	2076722.144
3564787.634	2087471.464
2212949.496	2423727.415
4049265.138	2331379.91
1807692.957	2526243.008
1808916.74	1572426.279
1837989.714	2549277.52
2784342.596	1213872.923
1809436.249	1571860.842
4044237.409	3109313.349
1769272.403	1476115.052
1595710.274	2044741.075
2701737.972	2140720.088
3346708.221	1131750.474
3683071.98	1604432.983
1771842.635	2242293.488
3720588.136	2393461.367
2122968.834	2238688.539
3684550.253	1604414.268
2066588.837	2113006.037
1594959.396	2045367.584
1480815.217	2816826.4
2054408.382	2283884.417
3518459	1693724.819
1816222.116	1637938.6
2060398.232	1661954.241
2312856.122	1978731.466
1992213.589	1180295.591
2229035.116	2309712.896
1956480.201	2223269.324
2160242.47	2484614.713
1980220.108	1333198.03
1896492.264	2375532.028
1422105.806	2462405.22
2739353.354	1770063.683
1976594.261	1332812.436
1596128.248	2044997.437
3037890.663	2010721.473
2305454.103	2099369.755
1595431.398	2045643.185
2039484.354	1303614.741
3722123.999	2393560.886
2325068.773	2243955.112
2387056.069	1747601.959
1596102.595	2045545.55
2136535.27	2353588.238
2391747.075	1256106.549
1833599.728	1730098.972
2669766.884	1556318.758
1936077.856	2380615.134
2136536.4	2437582.44
2118283.891	2338166.081
3492093.89	1683178.01
2318157.148	1469862.748
1594608.958	2045538.15
1815121.233	1638465.474
1595539.624	2045038.03
2270890.498	2567941.913
3589723.979	2097290.348
1975968.143	1335726.595
3552742.807	2014553.332
2035681.67	1671052.323
1808659	1571624.076
2110820.937	2246137.538
2881206.368	1931670.152
2568034.67	1693702.499
2161326.009	2402457.717
2605109.231	1681469.389
2158263.265	2366818.856
3209846.885	2255578.199
1421714.956	2462494.369
1826434.67	2525576.503
3139791.671	2189943.047
1596886.334	2045119.999
486155.1771	3397032.87
1871462.569	2342870.116
2271763.815	2568000.752
3408410.963	1687566.287
3494680.799	1697144.436
1911998.406	2332817.222
3538834.972	1325438.302
2067903.252	2370247.664
1665406.195	2292078.537
2730690.397	2090566.921
1768535.568	1476004.455
2523870.577	2033363.252
1951915.709	1549735.392
1992173.953	1180251.493
1998071.617	1287927.063
1833072.662	1730031.688
3105744.008	1193379.227
2386329.768	1747596.603
2141151.792	2387795.459
1754424.27	1435770.065
2094488.034	1743952.121
3635876.758	1582186.534
2209553.926	2304442.433
2543900.448	1683110.319
1667922.181	2076642.678
2184596.493	1417185.272
2156610.234	1716008.018
2975881.912	1686193.782
2365051.743	322476.9896
3307770.601	2228474.593
1782079.987	1565763.982
1768905.052	1476060.223
488379.8495	3396988.616
1935171.932	2176056.61
1924356.011	1590496.758
1966496.062	2305662.205
1832044.762	1730223.816
1591566.712	2043617.95
2962825.594	2037468.869
3155506.505	1274066.324
2402528.221	2045142.504
2354616.57	2023116.157
1816343.819	1639566.189
1592574.521	2044914.458
2113901.923	1976419.314
2084911.064	2289938.914
2062321.588	2378838.995
1712666.969	2414696.329
2208062.234	2476239.513
3705968.212	1748586.232
1791257.693	1663675.103
2981478.594	1889394.836
4110981.017	2412910.948
2362552.964	2978269.891
2362919.734	324160.2074
1982967.038	2189860.827
2171165.178	2428606.995
2091726.251	2308701.269
2906773.356	1120389.99
1595457.021	2045371.528
2251045.303	2514716.324
3638874.539	1809181.793
1816847.781	1639006.862
1770063.143	1475900.132
2218680.804	2506485.783
3348724.786	2665528.133
1595311.061	2801031.527
1977332.322	1335712.365
3726746.727	2073558.074
1808265.952	1634236.893
3517961.376	1920875.628
1851914.985	2128605.019
2037356.229	1670548.044
2029534.518	2210790.019
3817035.742	2117391.992
1594976.509	2046060.252
2340570.966	2311204.083
1922586.009	1590427.121
2134220.151	2459592.299
1509141.083	2484004.327
2382076.115	1378939.199
2434002.337	1490063.458
3196639.294	1323894.634
1941754.796	2331245.142
2995334.094	1815178.316
2040895.256	1599210.198
3042643.259	2301284.493
2092194.663	1736046.07
1976105.922	1332734.034
2625975.579	1537878.866
2031993.459	2006123.643
1816933.47	1638388.765
2230897.849	2269676.854
2305935.129	896563.5835
1595162.93	2044367.961
1595862.406	2045125.042
1593257.766	2044102.559
2363739.608	323862.7528
1541560.406	2158299.31
1812182.362	1567307.745
3176142.615	2723459.923
2110773.31	1727754.419
2585416.512	1674148.466
1833253.176	1730512.64
3071111.526	1908877.308
1932763.862	2353428.681
2386528.162	1747568.195
4205783.057	2915718.622
2417953.886	1414065.846
1798399.226	2442092.459
1823058.287	1975625.591
2160938.46	1789527.835
2417679.149	1413433.424
2992374.156	1927404.329
1934416.147	2325398.589
2196504.489	2527308.093
3177977.569	1151055.322
2225020.058	1961259.955
2227303.392	2309549.213
3354840.167	1491423.529
1808360.154	1572046.668
1613790.776	2845308.257
1921583.419	1590841.592
1422660.985	2463045.882
2881475.803	1931047.622
1722690.031	2339297.755
2505512.644	1640756.582
2167704.756	2335289.014
1816482.162	1639893.13
1808837.825	1903122.126
1901281.899	2230239.775
